1000
1518
9913
1977
2255
1583
9721
8423
7071
454
1943
1681
3814
6281
8869
2707
8055
6784
3206
7729
1676
9322
859
1474
5113
5723
8860
5533
1296
9866
5631
8675
3868
7366
1575
4347
7090
303
1746
6022
3292
8628
1274
1307
5850
9514
9248
883
4177
2892
1736
8247
5812
6136
7842
2496
3875
5673
8040
2252
3208
5553
2409
835
7414
4153
9684
2343
7356
9662
5996
9926
6577
9347
1757
3774
5403
9895
1363
450
1382
2745
702
138
6695
7350
3243
7876
722
2217
2009
3077
7395
138
5314
8
9275
9616
1995
5363
7509
6171
654
9933
2958
1026
5857
484
4779
8108
9673
78
4628
4714
9332
2225
1585
2153
7681
9492
8822
9100
8318
5223
7036
2284
3775
556
4561
8301
9208
6118
4837
1702
465
8311
6596
1055
4533
609
8024
797
4123
2591
9180
7832
5951
3877
5025
1244
4487
1690
8874
6276
249
8134
8137
6619
1020
3766
7601
958
5581
3405
2230
8548
8427
1483
6415
3632
2298
4946
335
6113
5676
4968
8431
6253
1832
5005
5481
4054
9100
5740
5252
4959
4630
109
2308
7590
8524
626
1940
7913
1093
1017
9867
509
5795
2799
552
8077
2159
9296
9735
3716
9095
6662
3308
6478
2889
1602
3161
8749
6900
9844
7089
2573
9561
7215
1220
67
1564
3508
7569
1845
364
1608
9072
117
386
2540
820
6060
3447
7229
4313
9226
7395
1280
5637
2904
9674
4664
2190
5004
9830
6360
7191
6115
3922
1609
2145
423
3663
7254
3697
6094
4334
2826
1230
6957
1043
683
8250
2681
5675
6711
7756
2543
7384
9356
9234
2272
4607
9581
1210
1226
861
116
2042
4935
2316
5986
5187
6539
2145
864
5975
807
5216
6722
7784
8261
2090
1362
5860
9848
2996
7938
6583
6758
6896
1126
7135
905
5829
1206
2782
7328
1214
94
8422
6275
1213
3585
3282
5032
5354
264
4819
4021
8769
2031
1324
8311
1648
1183
5886
4595
6970
7191
146
2011
2019
8206
8817
4101
5038
6012
1211
9188
8678
9434
1251
2496
7265
3729
4967
4023
7119
3849
1544
4441
3712
1885
8955
124
1632
2592
1466
4611
3797
1294
6169
4405
7091
232
5748
5651
2425
5478
1947
1421
982
978
201
1078
6221
740
8840
368
7833
8633
2225
346
624
7189
8932
992
9437
8820
497
4398
4315
3152
6894
8778
8561
9902
298
5554
4504
7163
501
8455
733
34
8620
9081
4008
567
9102
6887
6144
4095
3841
9591
268
6618
9565
5859
9029
1715
93
1888
9543
3444
5710
1478
47
710
2367
612
745
1942
758
2376
7707
3297
1850
4230
3965
4159
2785
680
4494
6644
8130
3472
2504
474
9225
9488
7080
2818
1045
9049
2368
8932
6063
352
4500
1980
5531
1063
9709
8458
1118
9541
6561
4388
1671
3824
1297
5780
2522
7577
3577
9616
6049
5628
144
4057
7431
2608
2374
602
6129
1289
3084
1381
4232
6445
5901
1058
9811
1181
145
4215
1129
590
9118
3859
9083
8597
1391
8547
8236
2148
5113
3276
2225
9279
7864
5984
988
222
6402
466
4569
3586
6627
1407
4868
7848
6481
1128
7218
8672
8204
1711
3169
6577
9313
4729
4305
552
4271
5037
3769
464
4616
7586
505
1079
527
955
5074
7755
4455
7509
4804
1585
8113
2940
7143
5845
9494
617
8975
826
1910
6759
6906
5612
6561
1404
3998
661
1831
4992
4703
4563
3083
1124
6724
4488
2085
8665
9387
455
73
987
4491
7737
4524
7684
1372
8770
6449
4880
2756
5587
6692
4031
3151
1765
1300
5217
4042
1166
3371
7616
7771
761
847
478
3162
858
9447
445
7541
3986
3364
4310
505
7929
253
655
700
5377
8192
657
2678
7713
5395
5965
2777
3383
4993
2743
2306
513
1148
968
2534
1335
8181
3624
8544
6661
1390
9845
438
3835
9918
8901
6162
2082
1558
181
5562
4238
1052
7156
4845
2623
5495
2773
9485
2007
2900
9170
7558
6724
6508
873
5843
70
4698
5464
3587
3492
1324
9279
7352
3139
9120
2030
1230
6320
424
5131
4769
7120
6835
518
1811
5312
1885
3522
7042
3454
5758
9385
3331
176
8214
4789
8464
9483
8259
600
5448
5292
2844
1697
2079
7625
1380
3432
7461
808
2387
7692
2730
7296
2234
1034
5342
1441
1318
5049
3126
2276
3649
5206
9600
9129
9664
2400
2913
3603
7753
561
7732
1124
4184
594
9555
672
5357
9771
5825
9141
1478
591
3917
6772
8333
5926
6423
6245
735
3048
7162
8989
6587
915
5558
4201
1666
6703
2846
5189
5864
1032
6035
7942
8215
5549
7553
5474
740
1870
3739
4494
5281
2636
5633
6292
1100
4888
2487
2856
1710
5441
9722
1160
6700
6641
6844
6667
2437
6780
4753
5735
7985
7397
5166
5052
2447
3911
6671
8424
6550
3018
5062
7931
7106
3181
8013
874
1981
1767
180
6751
458
1776
1437
2315
8823
525
8312
7383
4834
2255
5184
8242
1620
1971
3610
4106
7341
6344
4801
7416
8981
664
8417
100
2129
2121
9563
1501
679
1796
8137
1302
604
3832
5769
1946
1590
4865
6808
9552
3580
8836
9062
1678
4207
6762
1840
7420
6913
9596
3747
1853
6334
1955
556
2304
2933
9893
6082
7891
690
993
5899
2226
5953
7782
4555
6595
7425
3342
78
4272
9121
4460
8600
9281
5301
2397
9545
4117
3674
8184
2606
7099
2390
2652
8533
8202
3972
3020
1738
1270
9304
8447
7763
366
3864
2033
6920
5994
1469
7652
627
531
8231
8691
4384
3032
4390
7512
92
6755
2001
9941
3302
27
1955
6526
308
1028
2651
8563
763
4366
6526
8489
4474
1680
2962
3842
7590
1383
966
5333
178
6892
5091
8865
7059
870
7530
2133
8830
4697
5366
3242
3366
9014
3633
8738
282
220
2698
9673
218
8644
1694
9606
3221
1708
5425
5469
6896
5506
8645
1936
1359
7043
6833
5629
2875
5013
4576
437
332
7970
197
2542
3157
1174
7047
1374
3161
