8
27
34
47
67
70
73
78
78
92
93
94
100
109
116
117
124
138
138
144
145
146
176
178
180
181
197
201
218
220
222
232
249
253
264
268
282
298
303
308
332
335
346
352
364
366
368
386
423
424
437
438
445
450
454
455
458
464
465
466
474
478
484
497
501
505
505
509
513
518
525
527
531
552
552
556
556
561
567
590
591
594
600
602
604
609
612
617
624
626
627
654
655
657
661
664
672
679
680
683
690
700
702
710
722
733
735
740
740
745
758
761
763
797
807
808
820
826
835
847
858
859
861
864
870
873
874
883
905
915
955
958
966
968
978
982
987
988
992
993
1017
1020
1026
1028
1032
1034
1043
1045
1052
1055
1058
1063
1078
1079
1093
1100
1118
1124
1124
1126
1128
1129
1148
1160
1166
1174
1181
1183
1206
1210
1211
1213
1214
1220
1226
1230
1230
1244
1251
1270
1274
1280
1289
1294
1296
1297
1300
1302
1307
1318
1324
1324
1335
1359
1362
1363
1372
1374
1380
1381
1382
1383
1390
1391
1404
1407
1421
1437
1441
1466
1469
1474
1478
1478
1483
1501
1518
1544
1558
1564
1575
1583
1585
1585
1590
1602
1608
1609
1620
1632
1648
1666
1671
1676
1678
1680
1681
1690
1694
1697
1702
1708
1710
1711
1715
1736
1738
1746
1757
1765
1767
1776
1796
1811
1831
1832
1840
1845
1850
1853
1870
1885
1885
1888
1910
1936
1940
1942
1943
1946
1947
1955
1955
1971
1977
1980
1981
1995
2001
2007
2009
2011
2019
2030
2031
2033
2042
2079
2082
2085
2090
2121
2129
2133
2145
2145
2148
2153
2159
2190
2217
2225
2225
2225
2226
2230
2234
2252
2255
2255
2272
2276
2284
2298
2304
2306
2308
2315
2316
2343
2367
2368
2374
2376
2387
2390
2397
2400
2409
2425
2437
2447
2487
2496
2496
2504
2522
2534
2540
2542
2543
2573
2591
2592
2606
2608
2623
2636
2651
2652
2678
2681
2698
2707
2730
2743
2745
2756
2773
2777
2782
2785
2799
2818
2826
2844
2846
2856
2875
2889
2892
2900
2904
2913
2933
2940
2958
2962
2996
3018
3020
3032
3048
3077
3083
3084
3126
3139
3151
3152
3157
3161
3161
3162
3169
3181
3206
3208
3221
3242
3243
3276
3282
3292
3297
3302
3308
3331
3342
3364
3366
3371
3383
3405
3432
3444
3447
3454
3472
3492
3508
3522
3577
3580
3585
3586
3587
3603
3610
3624
3632
3633
3649
3663
3674
3697
3712
3716
3729
3739
3747
3766
3769
3774
3775
3797
3814
3824
3832
3835
3841
3842
3849
3859
3864
3868
3875
3877
3911
3917
3922
3965
3972
3986
3998
4008
4021
4023
4031
4042
4054
4057
4095
4101
4106
4117
4123
4153
4159
4177
4184
4201
4207
4215
4230
4232
4238
4271
4272
4305
4310
4313
4315
4334
4347
4366
4384
4388
4390
4398
4405
4441
4455
4460
4474
4487
4488
4491
4494
4494
4500
4504
4524
4533
4555
4561
4563
4569
4576
4595
4607
4611
4616
4628
4630
4664
4697
4698
4703
4714
4729
4753
4769
4779
4789
4801
4804
4819
4834
4837
4845
4865
4868
4880
4888
4935
4946
4959
4967
4968
4992
4993
5004
5005
5013
5025
5032
5037
5038
5049
5052
5062
5074
5091
5113
5113
5131
5166
5184
5187
5189
5206
5216
5217
5223
5252
5281
5292
5301
5312
5314
5333
5342
5354
5357
5363
5366
5377
5395
5403
5425
5441
5448
5464
5469
5474
5478
5481
5495
5506
5531
5533
5549
5553
5554
5558
5562
5581
5587
5612
5628
5629
5631
5633
5637
5651
5673
5675
5676
5710
5723
5735
5740
5748
5758
5769
5780
5795
5812
5825
5829
5843
5845
5850
5857
5859
5860
5864
5886
5899
5901
5926
5951
5953
5965
5975
5984
5986
5994
5996
6012
6022
6035
6049
6060
6063
6082
6094
6113
6115
6118
6129
6136
6144
6162
6169
6171
6221
6245
6253
6275
6276
6281
6292
6320
6334
6344
6360
6402
6415
6423
6445
6449
6478
6481
6508
6526
6526
6539
6550
6561
6561
6577
6577
6583
6587
6595
6596
6618
6619
6627
6641
6644
6661
6662
6667
6671
6692
6695
6700
6703
6711
6722
6724
6724
6751
6755
6758
6759
6762
6772
6780
6784
6808
6833
6835
6844
6887
6892
6894
6896
6896
6900
6906
6913
6920
6957
6970
7036
7042
7043
7047
7059
7071
7080
7089
7090
7091
7099
7106
7119
7120
7135
7143
7156
7162
7163
7189
7191
7191
7215
7218
7229
7254
7265
7296
7328
7341
7350
7352
7356
7366
7383
7384
7395
7395
7397
7414
7416
7420
7425
7431
7461
7509
7509
7512
7530
7541
7553
7558
7569
7577
7586
7590
7590
7601
7616
7625
7652
7681
7684
7692
7707
7713
7729
7732
7737
7753
7755
7756
7763
7771
7782
7784
7832
7833
7842
7848
7864
7876
7891
7913
7929
7931
7938
7942
7970
7985
8013
8024
8040
8055
8077
8108
8113
8130
8134
8137
8137
8181
8184
8192
8202
8204
8206
8214
8215
8231
8236
8242
8247
8250
8259
8261
8301
8311
8311
8312
8318
8333
8417
8422
8423
8424
8427
8431
8447
8455
8458
8464
8489
8524
8533
8544
8547
8548
8561
8563
8597
8600
8620
8628
8633
8644
8645
8665
8672
8675
8678
8691
8738
8749
8769
8770
8778
8817
8820
8822
8823
8830
8836
8840
8860
8865
8869
8874
8901
8932
8932
8955
8975
8981
8989
9014
9029
9049
9062
9072
9081
9083
9095
9100
9100
9102
9118
9120
9121
9129
9141
9170
9180
9188
9208
9225
9226
9234
9248
9275
9279
9279
9281
9296
9304
9313
9322
9332
9347
9356
9385
9387
9434
9437
9447
9483
9485
9488
9492
9494
9514
9541
9543
9545
9552
9555
9561
9563
9565
9581
9591
9596
9600
9606
9616
9616
9662
9664
9673
9673
9674
9684
9709
9721
9722
9735
9771
9811
9830
9844
9845
9848
9866
9867
9893
9895
9902
9913
9918
9926
9933
9941
